0.0313767 0.05 0.0313767 0.05
0.0312589 0.1 0.031259 0.1
0.0310629 0.15 0.0310632 0.15
0.0307893 0.2 0.0307898 0.2
0.0304386 0.25 0.0304394 0.25
0.0300118 0.3 0.030013 0.3
0.0295099 0.35 0.0295116 0.35
0.0289341 0.4 0.0289364 0.4
0.028286 0.45 0.0282889 0.45
0.0275671 0.5 0.0275707 0.5
0.0267793 0.55 0.0267836 0.55
0.0259245 0.6 0.0259295 0.6
0.0250048 0.65 0.0250107 0.65
0.0240226 0.7 0.0240293 0.7
0.0229803 0.75 0.0229879 0.75
0.0218805 0.8 0.021889 0.8
0.0207259 0.85 0.0207355 0.85
0.0195195 0.9 0.0195301 0.9
0.0182643 0.95 0.0182759 0.95
0.0169634 1 0.016976 1
0.01562 1.05 0.0156337 1.05
0.0142376 1.1 0.0142523 1.1
0.0128195 1.15 0.0128353 1.15
0.0113694 1.2 0.0113862 1.2
0.00989082 1.25 0.00990863 1.25
0.00838751 1.3 0.00840631 1.3
0.00686321 1.35 0.00688299 1.35
0.00532175 1.4 0.00534246 1.4
0.00376696 1.45 0.00378857 1.45
0.00220275 1.5 0.00222522 1.5
0.000633034 1.55 0.000656308 1.55
-0.000938273 1.6 -0.000914247 1.6
-0.00250723 1.65 -0.00248252 1.65
-0.00406993 1.7 -0.00404458 1.7
-0.00562244 1.75 -0.00559654 1.75
-0.00716089 1.8 -0.0071345 1.8
-0.00868143 1.85 -0.00865464 1.85
-0.0101803 1.9 -0.0101531 1.9
-0.0116536 1.95 -0.0116263 1.95
-0.0130978 2 -0.0130703 2
-0.0145093 2.05 -0.0144817 2.05
-0.0158844 2.1 -0.0158569 2.1
-0.0172199 2.15 -0.0171925 2.15
-0.0185122 2.2 -0.0184851 2.2
-0.0197582 2.25 -0.0197315 2.25
-0.0209549 2.3 -0.0209286 2.3
-0.0220991 2.35 -0.0220734 2.35
-0.023188 2.4 -0.023163 2.4
-0.0242189 2.45 -0.0241947 2.45
-0.0251892 2.5 -0.025166 2.5
-0.0260965 2.55 -0.0260743 2.55
-0.0269386 2.6 -0.0269175 2.6
-0.0277132 2.65 -0.0276934 2.65
-0.0284185 2.7 -0.0284001 2.7
-0.0290528 2.75 -0.0290359 2.75
-0.0296143 2.8 -0.029599 2.8
-0.0301018 2.85 -0.0300882 2.85
-0.030514 2.9 -0.0305022 2.9
-0.0308498 2.95 -0.03084 2.95
-0.0311085 3 -0.0311007 3
-0.0312894 3.05 -0.0312837 3.05
-0.0313919 3.1 -0.0313885 3.1
-0.031416 3.15 -0.0314149 3.15
-0.0313615 3.2 -0.0313627 3.2
-0.0312285 3.25 -0.0312322 3.25
-0.0310174 3.3 -0.0310236 3.3
-0.0307287 3.35 -0.0307375 3.35
-0.0303631 3.4 -0.0303746 3.4
-0.0299216 3.45 -0.0299358 3.45
-0.0294052 3.5 -0.0294221 3.5
-0.0288152 3.55 -0.0288349 3.55
-0.0281532 3.6 -0.0281757 3.6
-0.0274208 3.65 -0.027446 3.65
-0.0266197 3.7 -0.0266478 3.7
-0.0257521 3.75 -0.025783 3.75
-0.02482 3.8 -0.0248537 3.8
-0.0238259 3.85 -0.0238623 3.85
-0.0227721 3.9 -0.0228113 3.9
-0.0216614 3.95 -0.0217032 3.95
-0.0204965 4 -0.0205409 4
-0.0192803 4.05 -0.0193273 4.05
-0.0180159 4.1 -0.0180654 4.1
-0.0167064 4.15 -0.0167583 4.15
-0.0153551 4.2 -0.0154093 4.2
-0.0139654 4.25 -0.0140219 4.25
-0.0125408 4.3 -0.0125993 4.3
-0.0110848 4.35 -0.0111453 4.35
-0.00960102 4.4 -0.00966345 4.4
-0.00809326 4.45 -0.00815742 4.45
-0.00656526 4.5 -0.00663101 4.5
-0.00502082 4.55 -0.00508802 4.55
-0.00346383 4.6 -0.00353231 4.6
-0.00189817 4.65 -0.00196778 4.65
-0.000327753 4.7 -0.000398325 4.7
0.00124348 4.75 0.00117212 4.75
0.00281161 4.8 0.00273964 4.8
0.00437271 4.85 0.00430031 4.85
0.00592287 4.9 0.00585024 4.9
0.00745821 4.95 0.00738554 4.95
0.00897491 5 0.00890238 5
0.0104691 5.05 0.010397 5.05
0.0119372 5.1 0.0118656 5.1
0.0133754 5.15 0.0133045 5.15
0.0147801 5.2 0.0147102 5.2
0.0161479 5.25 0.0160791 5.25
0.0174753 5.3 0.0174079 5.3
0.0187589 5.35 0.0186931 5.35
0.0199957 5.4 0.0199316 5.4
0.0211824 5.45 0.0211203 5.45
0.0223161 5.5 0.0222562 5.5
0.023394 5.55 0.0233365 5.55
0.0244134 5.6 0.0243585 5.6
0.0253717 5.65 0.0253195 5.65
0.0262666 5.7 0.0262173 5.7
0.0270957 5.75 0.0270496 5.75
0.0278571 5.8 0.0278143 5.8
0.0285488 5.85 0.0285095 5.85
0.029169 5.9 0.0291334 5.9
0.0297163 5.95 0.0296845 5.95
0.0301893 6 0.0301614 6
0.0305867 6.05 0.030563 6.05
0.0309077 6.1 0.0308882 6.1
0.0311513 6.15 0.0311361 6.15
0.031317 6.2 0.0313063 6.2
0.0314043 6.25 0.0313982 6.25
0.0314131 6.3 0.0314117 6.3
0.0313433 6.35 0.0313467 6.35
0.0311951 6.4 0.0312033 6.4
0.0309688 6.45 0.0309819 6.45
0.0306651 6.5 0.0306831 6.5
0.0302847 6.55 0.0303077 6.55
0.0298285 6.6 0.0298565 6.6
0.0292977 6.65 0.0293307 6.65
0.0286936 6.7 0.0287315 6.7
0.0280177 6.75 0.0280606 6.75
0.0272718 6.8 0.0273196 6.8
0.0264576 6.85 0.0265103 6.85
0.0255772 6.9 0.0256347 6.9
0.0246328 6.95 0.024695 6.95
0.0236269 7 0.0236937 7
0.0225618 7.05 0.0226331 7.05
0.0214403 7.1 0.0215159 7.1
0.0202651 7.15 0.020345 7.15
0.0190392 7.2 0.0191232 7.2
0.0177657 7.25 0.0178537 7.25
0.0164478 7.3 0.0165395 7.3
0.0150887 7.35 0.015184 7.35
0.0136919 7.4 0.0137905 7.4
0.0122608 7.45 0.0123626 7.45
0.0107991 7.5 0.0109037 7.5
0.00931029 7.55 0.00941761 7.55
0.00779823 7.6 0.00790798 7.6
0.00626665 7.65 0.00637858 7.65
0.0047194 7.7 0.00483324 7.7
0.00316034 7.75 0.00327581 7.75
0.00159337 7.8 0.0017102 7.8
2.24103e-05 7.85 0.000140314 7.85
-0.00154861 7.9 -0.00142992 7.9
-0.00311575 7.95 -0.00299659 7.95
-0.0046751 8 -0.00455576 8
-0.00622277 8.05 -0.00610354 8.05
-0.00775486 8.1 -0.00763607 8.1
-0.00926756 8.15 -0.00914952 8.15
-0.0107571 8.2 -0.0106401 8.2
-0.0122197 8.25 -0.0121041 8.25
-0.0136517 8.3 -0.0135378 8.3
-0.0150496 8.35 -0.0149377 8.35
-0.0164099 8.4 -0.0163003 8.4
-0.0177291 8.45 -0.0176221 8.45
-0.0190039 8.5 -0.0188998 8.5
-0.0202313 8.55 -0.0201304 8.55
-0.021408 8.6 -0.0213106 8.6
-0.0225311 8.65 -0.0224376 8.65
-0.0235979 8.7 -0.0235085 8.7
-0.0246057 8.75 -0.0245206 8.75
-0.0255519 8.8 -0.0254714 8.8
-0.0264342 8.85 -0.0263586 8.85
-0.0272504 8.9 -0.0271799 8.9
-0.0279984 8.95 -0.0279333 8.95
-0.0286763 9 -0.0286169 9
-0.0292826 9.05 -0.029229 9.05
-0.0298156 9.1 -0.029768 9.1
-0.030274 9.15 -0.0302326 9.15
-0.0306566 9.2 -0.0306217 9.2
-0.0309626 9.25 -0.0309342 9.25
-0.0311911 9.3 -0.0311694 9.3
-0.0313416 9.35 -0.0313268 9.35
-0.0314137 9.4 -0.0314058 9.4
-0.0314072 9.45 -0.0314064 9.45
-0.0313222 9.5 -0.0313285 9.5
-0.0311587 9.55 -0.0311723 9.55
-0.0309174 9.6 -0.0309381 9.6
-0.0305987 9.65 -0.0306267 9.65
-0.0302034 9.7 -0.0302387 9.7
-0.0297326 9.75 -0.0297752 9.75
-0.0291875 9.8 -0.0292372 9.8
-0.0285693 9.85 -0.0286262 9.85
-0.0278796 9.9 -0.0279437 9.9
-0.0271202 9.95 -0.0271913 9.95
-0.0262929 10 -0.0263709 10
-0.0253999 10.05 -0.0254847 10.05
-0.0244433 10.1 -0.0245347 10.1
-0.0234256 10.15 -0.0235234 10.15
-0.0223493 10.2 -0.0224534 10.2
-0.0212171 10.25 -0.0213272 10.25
-0.0200318 10.3 -0.0201477 10.3
-0.0187963 10.35 -0.0189179 10.35
-0.0175139 10.4 -0.0176408 10.4
-0.0161877 10.45 -0.0163196 10.45
-0.0148209 10.5 -0.0149576 10.5
-0.0134171 10.55 -0.0135582 10.55
-0.0119797 10.6 -0.0121249 10.6
-0.0105123 10.65 -0.0106614 10.65
-0.00901865 10.7 -0.00917115 10.7
-0.00750242 10.75 -0.007658 10.75
-0.00596743 10.8 -0.00612572 10.8
-0.0044175 10.85 -0.00457813 10.85
-0.00285652 10.9 -0.00301909 10.9
-0.00128839 10.95 -0.00145251 10.95
0.000282964 11 0.000117705 11
0.00185361 11.05 0.00168762 11.05
0.00341963 11.1 0.00325333 11.1
0.00497709 11.15 0.00481089 11.15
0.0065221 11.2 0.00635644 11.2
0.00805081 11.25 0.0078861 11.25
0.00955937 11.3 0.00939604 11.3
0.011044 11.35 0.0108825 11.35
0.0125011 11.4 0.0123418 11.4
0.0139268 11.45 0.0137702 11.45
0.0153177 11.5 0.0151642 11.5
0.0166703 11.55 0.0165203 11.55
0.0179812 11.6 0.0178351 11.6
0.0192472 11.65 0.0191053 11.65
0.020465 11.7 0.0203278 11.7
0.0216315 11.75 0.0214995 11.75
0.022744 11.8 0.0226174 11.8
0.0237996 11.85 0.0236788 11.85
0.0247956 11.9 0.024681 11.9
0.0257297 11.95 0.0256216 11.95
0.0265993 12 0.0264981 12
0.0274025 12.05 0.0273084 12.05
0.028137 12.1 0.0280505 12.1
0.0288012 12.15 0.0287224 12.15
0.0293934 12.2 0.0293226 12.2
0.029912 12.25 0.0298494 12.25
0.0303558 12.3 0.0303017 12.3
0.0307236 12.35 0.0306783 12.35
0.0310146 12.4 0.0309782 12.4
0.031228 12.45 0.0312006 12.45
0.0313633 12.5 0.0313451 12.5
0.0314201 12.55 0.0314113 12.55
0.0313984 12.6 0.031399 12.6
0.0312981 12.65 0.0313082 12.65
0.0311195 12.7 0.0311391 12.7
0.030863 12.75 0.0308923 12.75
0.0305293 12.8 0.0305682 12.8
0.0301193 12.85 0.0301678 12.85
0.0296339 12.9 0.0296919 12.9
0.0290744 12.95 0.0291418 12.95
0.0284422 13 0.028519 13
0.0277388 13.05 0.0278248 13.05
0.026966 13.1 0.0270611 13.1
0.0261258 13.15 0.0262298 13.15
0.0252202 13.2 0.0253329 13.2
0.0242515 13.25 0.0243727 13.25
0.0232221 13.3 0.0233516 13.3
0.0221347 13.35 0.0222722 13.35
0.0209919 13.4 0.021137 13.4
0.0197965 13.45 0.0199491 13.45
0.0185517 13.5 0.0187113 13.5
0.0172604 13.55 0.0174267 13.55
0.0159259 13.6 0.0160986 13.6
0.0145517 13.65 0.0147302 13.65
0.013141 13.7 0.013325 13.7
0.0116974 13.75 0.0118865 13.75
0.0102245 13.8 0.0104183 13.8
0.00872613 13.85 0.00892406 13.85
0.00720588 13.9 0.00740751 13.9
0.00566761 13.95 0.00587245 13.95
0.00411515 14 0.00432271 14
0.0025524 14.05 0.00276217 14.05
0.00098326 14.1 0.00119472 14.1
-0.000588342 14.15 -0.000375717 14.15
-0.00215847 14.2 -0.00194521 14.2
-0.00372321 14.25 -0.00350985 14.25
-0.00527863 14.3 -0.00506571 14.3
-0.00682086 14.35 -0.00660891 14.35
-0.00834602 14.4 -0.00813559 14.4
-0.0098503 14.45 -0.00964193 14.45
-0.01133 14.5 -0.0111242 14.5
-0.0127813 14.55 -0.0125786 14.55
-0.0142006 14.6 -0.0140016 14.6
-0.0155844 14.65 -0.0153896 14.65
-0.0169292 14.7 -0.0167392 14.7
-0.0182317 14.75 -0.0180469 14.75
-0.0194886 14.8 -0.0193095 14.8
-0.0206967 14.85 -0.0205238 14.85
-0.0218531 14.9 -0.0216869 14.9
-0.0229548 14.95 -0.0227957 14.95
-0.023999 15 -0.0238476 15
-0.0249833 15.05 -0.0248398 15.05
-0.025905 15.1 -0.02577 15.1
-0.026762 15.15 -0.0266358 15.15
-0.027552 15.2 -0.027435 15.2
-0.028273 15.25 -0.0281657 15.25
-0.0289234 15.3 -0.028826 15.3
-0.0295014 15.35 -0.0294142 15.35
-0.0300056 15.4 -0.0299289 15.4
-0.0304347 15.45 -0.0303688 15.45
-0.0307877 15.5 -0.0307328 15.5
-0.0310637 15.55 -0.03102 15.55
-0.031262 15.6 -0.0312297 15.6
-0.031382 15.65 -0.0313614 15.65
-0.0314236 15.7 -0.0314147 15.7
-0.0313866 15.75 -0.0313894 15.75
-0.031271 15.8 -0.0312858 15.8
-0.0310772 15.85 -0.0311039 15.85
-0.0308057 15.9 -0.0308443 15.9
-0.0304571 15.95 -0.0305076 15.95
-0.0300323 16 -0.0300947 16
-0.0295324 16.05 -0.0296066 16.05
-0.0289587 16.1 -0.0290445 16.1
-0.0283124 16.15 -0.0284098 16.15
-0.0275954 16.2 -0.0277041 16.2
-0.0268093 16.25 -0.0269292 16.25
-0.0259561 16.3 -0.0260869 16.3
-0.0250381 16.35 -0.0251795 16.35
-0.0240573 16.4 -0.0242091 16.4
-0.0230164 16.45 -0.0231782 16.45
-0.021918 16.5 -0.0220895 16.5
-0.0207647 16.55 -0.0209454 16.55
-0.0195594 16.6 -0.0197491 16.6
-0.0183052 16.65 -0.0185034 16.65
-0.0170052 16.7 -0.0172114 16.7
-0.0156627 16.75 -0.0158764 16.75
-0.014281 16.8 -0.0145018 16.8
-0.0128636 16.85 -0.0130909 16.85
-0.011414 16.9 -0.0116473 16.9
-0.00993578 16.95 -0.0101745 16.95
-0.00843276 17 -0.00867637 17
-0.00690863 17.05 -0.00715652 17.05
-0.00536722 17.1 -0.00561878 17.1
-0.00381239 17.15 -0.004067 17.15
-0.00224801 17.2 -0.00250505 17.2
-0.000678007 17.25 -0.000936846 17.25
0.000893695 17.3 0.000633703 17.3
0.00246316 17.35 0.00220267 17.35
0.00402647 17.4 0.00376613 17.4
0.00557971 17.45 0.00532018 17.45
0.00711899 17.5 0.00686093 17.5
0.00864047 17.55 0.00838453 17.55
0.0101403 17.6 0.00988717 17.6
0.0116148 17.65 0.0113651 17.65
0.0130603 17.7 0.0128146 17.7
0.0144731 17.75 0.0142321 17.75
0.0158496 17.8 0.015614 17.8
0.0171866 17.85 0.0169569 17.85
0.0184805 17.9 0.0182575 17.9
0.0197282 17.95 0.0195124 17.95
0.0209266 18 0.0207185 18
0.0220726 18.05 0.0218728 18.05
0.0231634 18.1 0.0229725 18.1
0.0241962 18.15 0.0240147 18.15
0.0251686 18.2 0.024997 18.2
0.0260779 18.25 0.0259167 18.25
0.0269221 18.3 0.0267717 18.3
0.0276989 18.35 0.0275598 18.35
0.0284064 18.4 0.028279 18.4
0.0290428 18.45 0.0289276 18.45
0.0296066 18.5 0.0295038 18.5
0.0300963 18.55 0.0300063 18.55
0.0305108 18.6 0.0304338 18.6
0.0308489 18.65 0.0307853 18.65
0.0311098 18.7 0.0310598 18.7
0.031293 18.75 0.0312567 18.75
0.0313978 18.8 0.0313755 18.8
0.0314241 18.85 0.0314159 18.85
0.0313718 18.9 0.0313778 18.9
0.031241 18.95 0.0312613 18.95
0.0310321 19 0.0310666 19
0.0307455 19.05 0.0307943 19.05
0.030382 19.1 0.030445 19.1
0.0299425 19.15 0.0300197 19.15
0.0294281 19.2 0.0295193 19.2
0.0288401 19.25 0.0289452 19.25
0.02818 19.3 0.0282987 19.3
0.0274493 19.35 0.0275815 19.35
0.02665 19.4 0.0267954 19.4
0.025784 19.45 0.0259423 19.45
0.0248536 19.5 0.0250243 19.5
0.0238609 19.55 0.0240439 19.55
0.0228086 19.6 0.0230033 19.6
0.0216992 19.65 0.0219052 19.65
0.0205355 19.7 0.0207524 19.7
0.0193204 19.75 0.0195478 19.75
0.018057 19.8 0.0182942 19.8
0.0167484 19.85 0.016995 19.85
0.015398 19.9 0.0156533 19.9
0.014009 19.95 0.0142724 19.95
0.0125849 20 0.0128559 20
0.0111294 20.05 0.0114072 20.05
0.00964605 20.1 0.00993008 20.1
0.00813856 20.15 0.0084281 20.15
0.0066107 20.2 0.00690505 20.2
0.0050663 20.25 0.00536474 20.25
0.00350923 20.3 0.00381102 20.3
0.00194338 20.35 0.00224777 20.35
0.00037266 20.4 0.000678912 20.4
-0.00119899 20.45 -0.000891647 20.45
-0.00276765 20.5 -0.00245998 20.5
-0.00432938 20.55 -0.00402216 20.55
-0.00588029 20.6 -0.00557429 20.6
-0.00741649 20.65 -0.00711248 20.65
-0.00893414 20.7 -0.0086329 20.7
-0.0104294 20.75 -0.0101317 20.75
-0.0118987 20.8 -0.0116053 20.8
-0.0133381 20.85 -0.0130498 20.85
-0.0147442 20.9 -0.0144617 20.9
-0.0161134 20.95 -0.0158374 20.95
-0.0174423 21 -0.0171736 21
-0.0187276 21.05 -0.0184668 21.05
-0.019966 21.1 -0.0197139 21.1
-0.0211545 21.15 -0.0209117 21.15
-0.02229 21.2 -0.0220573 21.2
-0.0233698 21.25 -0.0231477 21.25
-0.0243912 21.3 -0.0241803 21.3
-0.0253515 21.35 -0.0251524 21.35
-0.0262484 21.4 -0.0260617 21.4
-0.0270797 21.45 -0.0269058 21.45
-0.0278432 21.5 -0.0276827 21.5
-0.028537 21.55 -0.0283905 21.55
-0.0291595 21.6 -0.0290272 21.6
-0.029709 21.65 -0.0295915 21.65
-0.0301843 21.7 -0.0300817 21.7
-0.030584 21.75 -0.0304968 21.75
-0.0309072 21.8 -0.0308357 21.8
-0.0311531 21.85 -0.0310975 21.85
-0.031321 21.9 -0.0312816 21.9
-0.0314106 21.95 -0.0313876 21.95
-0.0314216 22 -0.031415 22
-0.0313541 22.05 -0.031364 22.05
-0.031208 22.1 -0.0312346 22.1
-0.030984 22.15 -0.0310272 22.15
-0.0306824 22.2 -0.0307422 22.2
-0.030304 22.25 -0.0303803 22.25
-0.0298499 22.3 -0.0299426 22.3
-0.0293211 22.35 -0.02943 22.35
-0.0287189 22.4 -0.0288439 22.4
-0.0280449 22.45 -0.0281857 22.45
-0.0273007 22.5 -0.027457 22.5
-0.0264882 22.55 -0.0266598 22.55
-0.0256095 22.6 -0.0257959 22.6
-0.0246667 22.65 -0.0248675 22.65
-0.0236622 22.7 -0.023877 22.7
-0.0225985 22.75 -0.0228268 22.75
-0.0214783 22.8 -0.0217196 22.8
-0.0203043 22.85 -0.020558 22.85
-0.0190795 22.9 -0.0193451 22.9
-0.0178071 22.95 -0.0180839 22.95
-0.01649 23 -0.0167774 23
-0.0151317 23.05 -0.015429 23.05
-0.0137356 23.1 -0.0140421 23.1
-0.0123051 23.15 -0.01262 23.15
-0.0108438 23.2 -0.0111665 23.2
-0.00935538 23.25 -0.00968496 23.25
-0.00784356 23.3 -0.00817925 23.3
-0.00631211 23.35 -0.0066531 23.35
-0.00476488 23.4 -0.00511033 23.4
-0.00320571 23.45 -0.00355478 23.45
-0.00163853 23.5 -0.00199034 23.5
-6.72475e-05 23.55 -0.000420932 23.55
0.00150421 23.6 0.00114953 23.6
0.0030719 23.65 0.00271712 23.65
0.00463191 23.7 0.00427792 23.7
0.00618034 23.75 0.00582802 23.75
0.00771331 23.8 0.00736356 23.8
0.00922699 23.85 0.00888069 23.85
0.0107176 23.9 0.0103756 23.9
0.0121814 23.95 0.0118446 23.95
0.0136147 24 0.013284 24
0.015014 24.05 0.0146902 24.05
0.0163757 24.1 0.0160597 24.1
0.0176964 24.15 0.017389 24.15
0.0189729 24.2 0.0186749 24.2
0.0202019 24.25 0.0199141 24.25
0.0213804 24.3 0.0211036 24.3
0.0225054 24.35 0.0222403 24.35
0.0235741 24.4 0.0233214 24.4
0.0245838 24.45 0.0243442 24.45
0.0255321 24.5 0.0253062 24.5
0.0264164 24.55 0.0262049 24.55
0.0272347 24.6 0.0270381 24.6
0.0279849 24.65 0.0278038 24.65
0.028665 24.7 0.0285 24.7
0.0292735 24.75 0.0291249 24.75
0.0298087 24.8 0.0296771 24.8
0.0302694 24.85 0.0301551 24.85
0.0306543 24.9 0.0305577 24.9
0.0309625 24.95 0.030884 24.95
0.0311933 25 0.0311331 25
0.0313461 25.05 0.0313044 25.05
0.0314204 25.1 0.0313975 25.1
0.0314162 25.15 0.0314121 25.15
0.0313334 25.2 0.0313481 25.2
0.0311721 25.25 0.0312059 25.25
0.0309329 25.3 0.0309857 25.3
0.0306163 25.35 0.030688 25.35
0.0302232 25.4 0.0303136 25.4
0.0297544 25.45 0.0298635 25.45
0.0292112 25.5 0.0293388 25.5
0.0285949 25.55 0.0287407 25.55
0.0279071 25.6 0.0280708 25.6
0.0271494 25.65 0.0273307 25.65
0.0263239 25.7 0.0265224 25.7
0.0254325 25.75 0.0256477 25.75
0.0244775 25.8 0.024709 25.8
0.0234612 25.85 0.0237085 25.85
0.0223863 25.9 0.0226488 25.9
0.0212553 25.95 0.0215324 25.95
0.0200712 26 0.0203622 26
0.0188369 26.05 0.0191412 26.05
0.0175554 26.1 0.0178723 26.1
0.01623 26.15 0.0165587 26.15
0.0148641 26.2 0.0152038 26.2
0.0134609 26.25 0.0138108 26.25
0.0120241 26.3 0.0123833 26.3
0.0105571 26.35 0.0109249 26.35
0.0090638 26.4 0.00943918 26.4
0.00754779 26.45 0.00792986 26.45
0.0060129 26.5 0.00640072 26.5
0.00446297 26.55 0.00485557 26.55
0.00290187 26.6 0.0032983 26.6
0.0013335 26.65 0.00173278 26.65
-0.000238201 26.7 0.000162923 26.7
-0.00180931 26.75 -0.00140734 26.75
-0.0033759 26.8 -0.00297408 26.8
-0.00493404 26.85 -0.00453339 26.85
-0.00647984 26.9 -0.00608136 26.9
-0.00800944 26.95 -0.00761414 26.95
-0.009519 27 -0.00912789 27
-0.0110047 27.05 -0.0106188 27.05
-0.012463 27.1 -0.0120832 27.1
-0.01389 27.15 -0.0135174 27.15
-0.0152823 27.2 -0.0149178 27.2
-0.0166364 27.25 -0.0162809 27.25
-0.0179489 27.3 -0.0176033 27.3
-0.0192164 27.35 -0.0188818 27.35
-0.0204359 27.4 -0.020113 27.4
-0.0216043 27.45 -0.021294 27.45
-0.0227186 27.5 -0.0224217 27.5
-0.0237761 27.55 -0.0234934 27.55
-0.0247742 27.6 -0.0245064 27.6
-0.0257102 27.65 -0.0254582 27.65
-0.026582 27.7 -0.0263463 27.7
-0.0273872 27.75 -0.0271686 27.75
-0.0281239 27.8 -0.027923 27.8
-0.0287903 27.85 -0.0286076 27.85
-0.0293847 27.9 -0.0292207 27.9
-0.0299055 27.95 -0.0297607 27.95
-0.0303516 28 -0.0302264 28
-0.0307217 28.05 -0.0306166 28.05
-0.031015 28.1 -0.0309303 28.1
-0.0312307 28.15 -0.0311666 28.15
-0.0313682 28.2 -0.0313251 28.2
-0.0314273 28.25 -0.0314052 28.25
-0.0314078 28.3 -0.0314069 28.3
-0.0313097 28.35 -0.0313301 28.35
-0.0311333 28.4 -0.0311751 28.4
-0.030879 28.45 -0.0309421 28.45
-0.0305474 28.5 -0.0306317 28.5
-0.0301395 28.55 -0.0302449 28.55
-0.0296561 28.6 -0.0297824 28.6
-0.0290985 28.65 -0.0292455 28.65
-0.0284682 28.7 -0.0286355 28.7
-0.0277666 28.75 -0.027954 28.75
-0.0269956 28.8 -0.0272026 28.8
-0.0261571 28.85 -0.0263832 28.85
-0.0252531 28.9 -0.0254979 28.9
-0.0242859 28.95 -0.0245488 28.95
-0.023258 29 -0.0235384 29
-0.0221719 29.05 -0.0224692 29.05
-0.0210304 29.1 -0.0213438 29.1
-0.0198362 29.15 -0.0201651 29.15
-0.0185924 29.2 -0.0189359 29.2
-0.0173021 29.25 -0.0176595 29.25
-0.0159685 29.3 -0.0163389 29.3
-0.0145949 29.35 -0.0149775 29.35
-0.0131849 29.4 -0.0135786 29.4
-0.0117419 29.45 -0.0121458 29.45
-0.0102694 29.5 -0.0106826 29.5
-0.00877134 29.55 -0.00919277 29.55
-0.00725129 29.6 -0.00767993 29.6
-0.00571309 29.65 -0.00614789 29.65
-0.00416061 29.7 -0.00460049 29.7
-0.00259771 29.75 -0.00304159 29.75
-0.00102831 29.8 -0.00147509 29.8
0.000543658 29.85 9.50962e-05 29.85
0.00211427 29.9 0.00166505 29.9
0.0036796 29.95 0.00323084 29.95
0.00523573 30 0.00478855 30
0.00677876 30.05 0.0063343 30.05
0.00830483 30.1 0.00786421 30.1
0.00981013 30.15 0.00937447 30.15
0.0112909 30.2 0.0108613 30.2
0.0127434 30.25 0.012321 30.25
0.0141641 30.3 0.0137499 30.3
0.0155493 30.35 0.0151444 30.35
0.0168956 30.4 0.016501 30.4
0.0181997 30.45 0.0178165 30.45
0.0194582 30.5 0.0190874 30.5
0.020668 30.55 0.0203105 30.55
0.0218262 30.6 0.021483 30.6
0.0229298 30.65 0.0226017 30.65
0.023976 30.7 0.0236639 30.7
0.0249622 30.75 0.0246671 30.75
0.025886 30.8 0.0256085 30.8
0.026745 30.85 0.026486 30.85
0.0275371 30.9 0.0272972 30.9
0.0282604 30.95 0.0280403 30.95
0.0289129 31 0.0287132 31
0.0294931 31.05 0.0293144 31.05
0.0299996 31.1 0.0298424 31.1
0.030431 31.15 0.0302957 31.15
0.0307862 31.2 0.0306734 31.2
0.0310645 31.25 0.0309744 31.25
0.0312651 31.3 0.031198 31.3
0.0313874 31.35 0.0313436 31.35
0.0314312 31.4 0.0314109 31.4
0.0313964 31.45 0.0313997 31.45
0.0312831 31.5 0.03131 31.5
0.0310915 31.55 0.0311421 31.55
0.0308221 31.6 0.0308964 31.6
0.0304756 31.65 0.0305734 31.65
0.0300529 31.7 0.0301741 31.7
0.029555 31.75 0.0296993 31.75
0.0289831 31.8 0.0291503 31.8
0.0283388 31.85 0.0285284 31.85
0.0276236 31.9 0.0278353 31.9
0.0268392 31.95 0.0270726 31.95
0.0259878 32 0.0262422 32
0.0250713 32.05 0.0253463 32.05
0.0240921 32.1 0.024387 32.1
0.0230526 32.15 0.0233667 32.15
0.0219555 32.2 0.0222881 32.2
0.0208034 32.25 0.0211538 32.25
0.0195993 32.3 0.0199665 32.3
0.0183461 32.35 0.0187294 32.35
0.0170471 32.4 0.0174455 32.4
0.0157054 32.45 0.016118 32.45
0.0143244 32.5 0.0147501 32.5
0.0129076 32.55 0.0133455 32.55
0.0114585 32.6 0.0119074 32.6
0.00998075 32.65 0.0104396 32.65
0.00847801 32.7 0.00894573 32.7
0.00695406 32.75 0.00742948 32.75
0.00541272 32.8 0.00589466 32.8
0.00385783 32.85 0.0043451 32.85
0.00229328 32.9 0.00278469 32.9
0.000723 32.95 0.00121731 32.95
-0.000849093 33 -0.000353109 33
-0.00241906 33.05 -0.00192265 33.05
-0.00398299 33.1 -0.00348738 33.1
-0.00553695 33.15 -0.00504339 33.15
-0.00707706 33.2 -0.0065868 33.2
-0.00859947 33.25 -0.00811375 33.25
-0.0101004 33.3 -0.00962041 33.3
-0.011576 33.35 -0.011103 33.35
-0.0130227 33.4 -0.0125579 33.4
-0.0144368 33.45 -0.0139814 33.45
-0.0158148 33.5 -0.0153699 33.5
-0.0171532 33.55 -0.01672 33.55
-0.0184488 33.6 -0.0180284 33.6
-0.0196981 33.65 -0.0192916 33.65
-0.0208982 33.7 -0.0205067 33.7
-0.0220461 33.75 -0.0216705 33.75
-0.0231387 33.8 -0.0227801 33.8
-0.0241735 33.85 -0.0238329 33.85
-0.0251479 33.9 -0.024826 33.9
-0.0260593 33.95 -0.0257571 33.95
-0.0269055 34 -0.0266238 34
-0.0276845 34.05 -0.027424 34.05
-0.0283941 34.1 -0.0281557 34.1
-0.0290328 34.15 -0.028817 34.15
-0.0295988 34.2 -0.0294062 34.2
-0.0300908 34.25 -0.029922 34.25
-0.0305075 34.3 -0.030363 34.3
-0.0308479 34.35 -0.0307281 34.35
-0.0311111 34.4 -0.0310165 34.4
-0.0312965 34.45 -0.0312273 34.45
-0.0314036 34.5 -0.0313601 34.5
-0.0314321 34.55 -0.0314145 34.55
-0.0313821 34.6 -0.0313904 34.6
-0.0312535 34.65 -0.0312878 34.65
-0.0310467 34.7 -0.0311071 34.7
-0.0307623 34.75 -0.0308486 34.75
-0.0304009 34.8 -0.030513 34.8
-0.0299635 34.85 -0.0301012 34.85
-0.0294511 34.9 -0.0296142 34.9
-0.028865 34.95 -0.0290531 34.95
-0.0282067 35 -0.0284194 35
-0.0274779 35.05 -0.0277147 35.05
-0.0266803 35.1 -0.0269408 35.1
-0.025816 35.15 -0.0260995 35.15
-0.0248871 35.2 -0.025193 35.2
-0.0238959 35.25 -0.0242235 35.25
-0.022845 35.3 -0.0231935 35.3
-0.0217369 35.35 -0.0221055 35.35
-0.0205744 35.4 -0.0209623 35.4
-0.0193605 35.45 -0.0197667 35.45
-0.0180981 35.5 -0.0185216 35.5
-0.0167905 35.55 -0.0172303 35.55
-0.0154408 35.6 -0.015896 35.6
-0.0140525 35.65 -0.0145218 35.65
-0.0126291 35.7 -0.0131114 35.7
-0.0111741 35.75 -0.0116683 35.75
-0.00969109 35.8 -0.0101959 35.8
-0.00818386 35.85 -0.0086981 35.85
-0.00665615 35.9 -0.00717853 35.9
-0.0051118 35.95 -0.00564103 35.95
-0.00355465 36 -0.00408942 36
-0.00198861 36.05 -0.00252759 36.05
-0.000417588 36.1 -0.000959445 36.1
0.00115448 36.15 0.000611099 36.15
0.00272366 36.2 0.00218011 36.2
0.00428603 36.25 0.00374368 36.25
0.00583768 36.3 0.00529789 36.3
0.00737473 36.35 0.00683886 36.35
0.00889333 36.4 0.00836273 36.4
0.0103897 36.45 0.00986571 36.45
0.0118601 36.5 0.011344 36.5
0.0133008 36.55 0.012794 36.55
0.0147082 36.6 0.014212 36.6
0.0160788 36.65 0.0155944 36.65
0.0174093 36.7 0.0169379 36.7
0.0186961 36.75 0.0182391 36.75
0.0199362 36.8 0.0194946 36.8
0.0211265 36.85 0.0207015 36.85
0.0222639 36.9 0.0218566 36.9
0.0233456 36.95 0.022957 36.95
0.0243689 37 0.0240002 37
0.0253312 37.05 0.0249833 37.05
0.0262302 37.1 0.025904 37.1
0.0270635 37.15 0.0267599 37.15
0.0278292 37.2 0.027549 37.2
0.0285252 37.25 0.0282692 37.25
0.0291499 37.3 0.0289187 37.3
0.0297017 37.35 0.029496 37.35
0.0301792 37.4 0.0299996 37.4
0.0305811 37.45 0.0304282 37.45
0.0309066 37.5 0.0307808 37.5
0.0311548 37.55 0.0310564 37.55
0.031325 37.6 0.0312545 37.6
0.0314168 37.65 0.0313744 37.65
0.0314301 37.7 0.0314159 37.7
0.0313648 37.75 0.0313789 37.75
0.0312209 37.8 0.0312635 37.8
0.030999 37.85 0.0310699 37.85
0.0306996 37.9 0.0307987 37.9
0.0303233 37.95 0.0304506 37.95
0.0298712 38 0.0300263 38
0.0293444 38.05 0.029527 38.05
0.0287441 38.1 0.028954 38.1
0.028072 38.15 0.0283085 38.15
0.0273296 38.2 0.0275923 38.2
0.0265188 38.25 0.0268072 38.25
0.0256417 38.3 0.025955 38.3
0.0247005 38.35 0.025038 38.35
0.0236975 38.4 0.0240584 38.4
0.0226352 38.45 0.0230187 38.45
0.0215162 38.5 0.0219214 38.5
0.0203435 38.55 0.0207694 38.55
0.0191198 38.6 0.0195655 38.6
0.0178484 38.65 0.0183126 38.65
0.0165322 38.7 0.017014 38.7
0.0151747 38.75 0.0156729 38.75
0.0137793 38.8 0.0142926 38.8
0.0123494 38.85 0.0128765 38.85
0.0108885 38.9 0.0114283 38.9
0.00940048 38.95 0.00995153 38.95
0.0078889 39 0.00844987 39
0.00635759 39.05 0.0069271 39.05
0.00481036 39.1 0.00538701 39.1
0.00325111 39.15 0.00383346 39.15
0.00168371 39.2 0.00227032 39.2
0.000112106 39.25 0.000701516 39.25
-0.00145978 39.3 -0.000869047 39.3
-0.00302802 39.35 -0.00243744 39.35
-0.00458869 39.4 -0.00399973 39.4
-0.00613788 39.45 -0.00555204 39.45
-0.00767173 39.5 -0.00709046 39.5
-0.00918638 39.55 -0.00861116 39.55
-0.010678 39.6 -0.0101103 39.6
-0.012143 39.65 -0.0115842 39.65
-0.0135776 39.7 -0.0130292 39.7
-0.0149782 39.75 -0.0144416 39.75
-0.0163414 39.8 -0.0158179 39.8
-0.0176637 39.85 -0.0171546 39.85
-0.0189418 39.9 -0.0184485 39.9
-0.0201725 39.95 -0.0196963 39.95
-0.0213527 40 -0.0208948 40
-0.0224796 40.05 -0.0220412 40.05
-0.0235502 40.1 -0.0231324 40.1
-0.0245619 40.15 -0.0241658 40.15
-0.0255122 40.2 -0.0251389 40.2
-0.0263986 40.25 -0.0260491 40.25
-0.027219 40.3 -0.0268942 40.3
-0.0279713 40.35 -0.027672 40.35
-0.0286536 40.4 -0.0283808 40.4
-0.0292643 40.45 -0.0290186 40.45
-0.0298018 40.5 -0.0295838 40.5
-0.0302647 40.55 -0.0300752 40.55
-0.0306519 40.6 -0.0304914 40.6
-0.0309624 40.65 -0.0308314 40.65
-0.0311955 40.7 -0.0310943 40.7
-0.0313505 40.75 -0.0312795 40.75
-0.0314271 40.8 -0.0313866 40.8
-0.0314251 40.85 -0.0314152 40.85
-0.0313445 40.9 -0.0313653 40.9
-0.0311855 40.95 -0.031237 40.95
-0.0309484 41 -0.0310307 41
-0.030634 41.05 -0.0307468 41.05
-0.0302429 41.1 -0.0303861 41.1
-0.0297761 41.15 -0.0299494 41.15
-0.0292349 41.2 -0.0294379 41.2
-0.0286205 41.25 -0.0288529 41.25
-0.0279345 41.3 -0.0281957 41.3
-0.0271787 41.35 -0.027468 41.35
-0.0263548 41.4 -0.0266717 41.4
-0.0254651 41.45 -0.0258088 41.45
-0.0245116 41.5 -0.0248813 41.5
-0.0234968 41.55 -0.0238917 41.55
-0.0224232 41.6 -0.0228423 41.6
-0.0212936 41.65 -0.0217359 41.65
-0.0201106 41.7 -0.0205751 41.7
-0.0188774 41.75 -0.0193629 41.75
-0.0175969 41.8 -0.0181024 41.8
-0.0162724 41.85 -0.0167965 41.85
-0.0149072 41.9 -0.0154487 41.9
-0.0135047 41.95 -0.0140623 41.95
-0.0120684 42 -0.0126407 42
-0.010602 42.05 -0.0111876 42.05
-0.00910896 42.1 -0.00970646 42.1
-0.00759317 42.15 -0.00820108 42.15
-0.00605839 42.2 -0.0066752 42.2
-0.00450845 42.25 -0.00513263 42.25
-0.00294723 42.3 -0.00357724 42.3
-0.00137863 42.35 -0.00201291 42.35
0.000193416 42.4 -0.000443539 42.4
0.00176498 42.45 0.00112694 42.45
0.00333213 42.5 0.00269459 42.5
0.00489095 42.55 0.00425552 42.55
0.00643754 42.6 0.0058058 42.6
0.00796803 42.65 0.00734158 42.65
0.00947858 42.7 0.008859 42.7
0.0109654 42.75 0.0103543 42.75
0.0124248 42.8 0.0118237 42.8
0.0138532 42.85 0.0132635 42.85
0.0152469 42.9 0.0146702 42.9
0.0166024 42.95 0.0160403 42.95
0.0179164 43 0.0173702 43
0.0191856 43.05 0.0186567 43.05
0.0204069 43.1 0.0198966 43.1
0.021577 43.15 0.0210868 43.15
0.0226932 43.2 0.0222243 43.2
0.0237526 43.25 0.0233062 43.25
0.0247526 43.3 0.0243299 43.3
0.0256907 43.35 0.0252927 43.35
0.0265645 43.4 0.0261924 43.4
0.0273719 43.45 0.0270266 43.45
0.0281108 43.5 0.0277933 43.5
0.0287794 43.55 0.0284905 43.55
0.029376 43.6 0.0291164 43.6
0.0298991 43.65 0.0296697 43.65
0.0303474 43.7 0.0301487 43.7
0.0307198 43.75 0.0305525 43.75
0.0310153 43.8 0.0308799 43.8
0.0312333 43.85 0.0311301 43.85
0.0313731 43.9 0.0313025 43.9
0.0314344 43.95 0.0313967 43.95
0.0314171 44 0.0314124 44
0.0313213 44.05 0.0313496 44.05
0.031147 44.1 0.0312085 44.1
0.0308949 44.15 0.0309894 44.15
0.0305654 44.2 0.0306928 44.2
0.0301595 44.25 0.0303196 44.25
0.0296782 44.3 0.0298705 44.3
0.0291226 44.35 0.0293468 44.35
0.0284942 44.4 0.0287498 44.4
0.0277944 44.45 0.0280809 44.45
0.0270252 44.5 0.0273419 44.5
0.0261883 44.55 0.0265345 44.55
0.025286 44.6 0.0256608 44.6
0.0243203 44.65 0.024723 44.65
0.0232939 44.7 0.0237233 44.7
0.0222091 44.75 0.0226644 44.75
0.0210688 44.8 0.0215489 44.8
0.0198758 44.85 0.0203795 44.85
0.0186331 44.9 0.0191591 44.9
0.0173437 44.95 0.0178909 44.95
0.016011 45 0.0165779 45
0.0146382 45.05 0.0152235 45.05
0.0132288 45.1 0.0138311 45.1
0.0117863 45.15 0.0124041 45.15
0.0103143 45.2 0.0109461 45.2
0.00881654 45.25 0.00946074 45.25
0.00729669 45.3 0.00795173 45.3
0.00575859 45.35 0.00642285 45.35
0.00420608 45.4 0.00487791 45.4
0.00264304 45.45 0.00332078 45.45
0.00107339 45.5 0.00175535 45.5
-0.00049895 45.55 0.000185532 45.55
-0.00207004 45.6 -0.00138475 45.6
-0.00363596 45.65 -0.00295157 45.65
-0.00519278 45.7 -0.00451101 45.7
-0.00673662 45.75 -0.00605918 45.75
-0.00826361 45.8 -0.0075922 45.8
-0.00976992 45.85 -0.00910625 45.85
-0.0112518 45.9 -0.0105975 45.9
-0.0127055 45.95 -0.0120623 45.95
-0.0141275 46 -0.013497 46
-0.0155141 46.05 -0.0148979 46.05
-0.0168619 46.1 -0.0162616 46.1
-0.0181675 46.15 -0.0175846 46.15
-0.0194277 46.2 -0.0188637 46.2
-0.0206393 46.25 -0.0200956 46.25
-0.0217993 46.3 -0.0212774 46.3
-0.0229047 46.35 -0.0224059 46.35
-0.0239528 46.4 -0.0234784 46.4
-0.024941 46.45 -0.0244923 46.45
-0.0258669 46.5 -0.0254449 46.5
-0.026728 46.55 -0.026334 46.55
-0.0275222 46.6 -0.0271572 46.6
-0.0282476 46.65 -0.0279126 46.65
-0.0289024 46.7 -0.0285982 46.7
-0.0294848 46.75 -0.0292124 46.75
-0.0299935 46.8 -0.0297535 46.8
-0.0304272 46.85 -0.0302203 46.85
-0.0307847 46.9 -0.0306115 46.9
-0.0310653 46.95 -0.0309263 46.95
-0.0312681 47 -0.0311637 47
-0.0313927 47.05 -0.0313233 47.05
-0.0314388 47.1 -0.0314046 47.1
-0.0314062 47.15 -0.0314075 47.15
-0.0312951 47.2 -0.0313318 47.2
-0.0311056 47.25 -0.0311778 47.25
-0.0308384 47.3 -0.030946 47.3
-0.030494 47.35 -0.0306367 47.35
-0.0300734 47.4 -0.030251 47.4
-0.0295775 47.45 -0.0297896 47.45
-0.0290076 47.5 -0.0292538 47.5
-0.0283651 47.55 -0.0286448 47.55
-0.0276517 47.6 -0.0279643 47.6
-0.0268691 47.65 -0.0272139 47.65
-0.0260193 47.7 -0.0263955 47.7
-0.0251045 47.75 -0.0255111 47.75
-0.0241268 47.8 -0.0245629 47.8
-0.0230887 47.85 -0.0235534 47.85
-0.0219929 47.9 -0.022485 47.9
-0.0208421 47.95 -0.0213604 47.95
-0.0196391 48 -0.0201824 48
-0.018387 48.05 -0.018954 48.05
-0.0170889 48.1 -0.0176782 48.1
-0.0157481 48.15 -0.0163582 48.15
-0.0143679 48.2 -0.0149973 48.2
-0.0129517 48.25 -0.013599 48.25
-0.0115031 48.3 -0.0121666 48.3
-0.0100257 48.35 -0.0107039 48.35
-0.00852327 48.4 -0.00921438 48.4
-0.0069995 48.45 -0.00770185 48.45
-0.00545822 48.5 -0.00617006 48.5
-0.00390328 48.55 -0.00462286 48.55
-0.00233857 48.6 -0.0030641 48.6
-0.000768014 48.65 -0.00149768 48.65
0.000804467 48.7 7.24871e-05 48.7
0.00237494 48.75 0.00164247 48.75
0.00393947 48.8 0.00320835 48.8
0.00549415 48.85 0.0047662 48.85
0.00703509 48.9 0.00631215 48.9
0.00855844 48.95 0.00784232 48.95
0.0100604 49 0.00935288 49
0.0115371 49.05 0.0108401 49.05
0.0129851 49.1 0.0123002 49.1
0.0144005 49.15 0.0137295 49.15
0.0157799 49.2 0.0151246 49.2
0.0171198 49.25 0.0164818 49.25
0.018417 49.3 0.0177978 49.3
0.019668 49.35 0.0190694 49.35
0.0208698 49.4 0.0202933 49.4
0.0220195 49.45 0.0214665 49.45
0.023114 49.5 0.022586 49.5
0.0241508 49.55 0.0236491 49.55
0.0251271 49.6 0.024653 49.6
0.0260406 49.65 0.0255954 49.65
0.0268889 49.7 0.0264738 49.7
0.02767 49.75 0.027286 49.75
0.0283818 49.8 0.0280301 49.8
0.0290227 49.85 0.028704 49.85
0.0295909 49.9 0.0293063 49.9
0.0300852 49.95 0.0298353 49.95
0.0305041 50 0.0302898 50
